0114603584
0227559330
1887916604
1355887753
0629910327
1280526011
2979843422
0156587418
2950176227
3573965502
0638408606
1165307404
0903869290
3789934438
0042616410
0369953861
1679794868
2968038550
4275969942
0357797874
3294976379
2153147362
3348390253
2215864212
4272280969
0569378554
0994893181
2879097310
2812179835
1665891138
2627545759
0560155965
0958256933
2138025083
3257869484
3250517988
3613120390
0130769091
0226283229
4077730563
2792002923
3952941136
4050938343
0172095188
3953694445
1430063029
3044064719
3336031959
4009574511
2783806323
1437169370
1556981527
3728648251
1399395938
1884657103
4131782092
4192822608
3926698757
3874388440
1467478637
2186429482
1898099949
0995049612
2917723096
1618358520
3347807890
3148552023
1392205661
2407064409
1119860712
